Eigvals	50
1.6035938917850012	0.5050691146296952	0.3840372541898779	0.3312937958218441	0.24478212384966544	0.22678652177493522	0.19930568598472326	0.1874868946510395	0.17677818292034544	0.158081051576045	0.1428090057176113	0.13451144719744082	0.12012461723447451	0.11358839922600514	0.10725165782768364	0.0943903537093474	0.08886774595152602	0.08441271330713994	0.07840955008803728	0.0767480138464684	0.06872584578415299	0.06768859129743848	0.06569240355628107	0.06279721625063803	0.05676975499089811	0.05287249911287238	0.05037068151512381	0.048085092825898984	0.04416915444822142	0.0433302632808395	0.03838567096422853	0.03696508684987148	0.03481507264111528	0.03139286772569787	0.029311489040709886	0.02517239794695943	0.020808596309341197	0.01990406388736415	0.016902738246917938	0.014409761655979274	0.013057589496676562	0.010404208587862881	0.007749525390155626	0.0038015535062730296	0.00107883930962683	0.0008073174444038827	0.0	0.0	0.0	0.0

Proportion explained	50
0.2707037530775556	0.08526105368337712	0.06482958469932701	0.05592592635810976	0.041321833384286556	0.038283983810603564	0.03364492561499167	0.03164978757707649	0.029842042816401643	0.02668576761941135	0.024107683384849532	0.022706967003789665	0.0202783166542124	0.01917493333821821	0.01810522380166085	0.015934098486117286	0.015001823391733282	0.01424976636339432	0.013236368381478018	0.012955883341736188	0.01160165580731325	0.01142655618646249	0.011089578404153021	0.010600839906510286	0.009583340156168305	0.008925441795311628	0.00850310830009474	0.008117276550962756	0.007456224384894843	0.007314610608116785	0.006479910685398138	0.006240100934756879	0.005877155603983314	0.005299450912571233	0.004948091990285306	0.004249369265567945	0.003512713004253363	0.0033600182835613573	0.0028533625029183497	0.00243252146395032	0.0022042603810131806	0.0017563413822942076	0.001308202543319614	0.0006417427797306825	0.0001821195825075751	0.00013628379556986537	0.0	0.0	0.0	0.0

Species	0	0

Site	50	50
SRR27747653	0.18223398361804463	0.05751526093614745	0.13947126999987533	0.016265175664415987	-0.06217253401159734	0.051075900400381145	0.07893171684491222	0.06581583503097746	-0.07443977106659874	-0.034373926111362474	-0.12874212663102075	0.030224476340899836	-0.0711611668825681	-0.0479144454893952	-0.06599727490340489	0.01401991767922793	0.011249621345062064	-0.035835428645755736	-0.009464277361492697	-0.07901210462821294	0.016572096343541974	-0.0018427086310173835	0.01619960282976377	-0.024924474203988498	-0.06565137936116033	-0.03328062403619997	0.07023765437028726	0.014164039280489382	0.013178314016176227	-0.019706139525559604	0.014905642381195619	-0.01809448456271865	-0.04822313644646199	0.005967581005624171	-0.003215679861390264	0.011909189468717456	-0.0290116791605824	-0.010499911215695637	0.013660800974911663	0.008870451155158535	-0.010521877161136206	0.0184280329773161	-0.001610665538443137	-0.006623326657833468	-0.0003114566019500574	0.0025043574916604723	-0.0	0.0	0.0	0.0
SRR27747655	-0.009626415659581547	-0.05164390005706971	-0.18999739752351377	-0.20287105142090958	-0.009288008697969847	-0.08287195829489394	0.0416224266053222	-0.0557259949481296	0.010021221022933848	-0.011088706089840139	0.015551769866668282	-0.01461259448034378	-0.013693590076737806	0.0055638193991269305	0.010493348663616628	-0.042903124096287805	0.0390543690938783	0.018984356567924857	-0.05111086215279161	-0.039691360312460795	0.03117054348863574	-0.0029679392099948992	0.06178378728896952	-0.018634959960353838	0.021259655861639134	0.036114623912507436	-0.027905509711315963	-0.015252012828635178	0.0012110738863542834	-0.033676790148225215	-0.009220760429312908	0.011524179253147164	-0.06873155186752902	0.013355658915124687	-0.028845441407504883	0.018951709496761653	-0.020191433888062743	0.017846287967098664	0.026554741113055315	-0.027666202038669305	-0.002243947652958981	0.000625032851884794	0.006600572322331682	-0.0075843324534863865	0.006688923340011239	-0.0010749569003239885	-0.0	0.0	0.0	0.0
SRR27747662	0.17611088030843441	0.11764956369051442	-0.011258270095736203	0.018299655133449513	0.06194271487913773	0.03874378872736895	0.005000383139520923	0.00829316886488474	0.03324151630261939	0.06419239971353866	-0.056361595310077776	-0.03539499347089894	0.06783414537506642	-0.011064167308514769	-0.0047825850414685315	0.033029706850339936	0.0993104034722078	0.023923581430097565	-0.05848205941968634	-0.029715812506220896	-0.043372092292392674	0.0017768658045322738	-0.09360373392387206	0.04325357556126688	-0.03459161332740386	0.01110701076262445	-0.055957457089430424	-0.0121213550807085	-0.030474077837484098	0.05532360313446992	0.03880072466799717	0.029388150107541068	-0.030396694709896265	0.031377757295558716	0.00025478018971995185	-0.008964515996690276	-0.004840373567229829	-0.006343244541980541	-0.023814880440508536	0.00812933313791747	-0.011657003402074661	0.011971256928983102	0.011406533055516	-0.0014138147227786113	0.0014162328790912064	0.0010003308183476653	-0.0	0.0	0.0	0.0
SRR27747668	-0.2007061714070985	0.02591219288436486	-0.1547275905142431	0.17560617666549197	-0.058361413611797745	-0.07134132965754081	0.05150594547272838	0.016813731184777015	0.009172643144152672	1.6101599342473807e-05	0.016422894916281076	0.06456186072120382	0.017444223179988057	0.005278627579655676	0.002264832676013541	-0.05335353000024243	0.0197129401473174	-0.05302380553925745	0.05712008351119361	-0.03982286138716881	-0.0003533060622865177	-0.05537002000185216	0.014791183458405133	-0.017709323743389047	-0.0011931087527748113	0.040627442696555584	0.021310472606288326	-0.004470937282515138	-0.02838801198643136	0.03481793982554514	0.015902783531550543	-0.01908799890741822	0.027234916334325066	-0.0005146010260020119	-0.009240790026791231	-0.005733993785146998	-0.017400908697185295	-0.01811665546341395	-0.002595734474910755	0.021354674401903778	0.0065506780884557044	0.023125209583685268	0.0017891844625050727	0.0044175239561783505	-0.00031472158705878154	-0.009796193604065064	-0.0	0.0	0.0	0.0
SRR27747669	-0.012678737485652847	-0.1622205918222815	-0.11135697011627596	-0.08100577099379724	0.007650984542490189	-0.052563894250899794	0.05277594471267526	0.03430719376658042	-0.126084399118429	0.027784457340747713	0.0866969196944425	-0.028590947969875723	-0.03143625053534404	0.006517931995988302	0.04217696439156794	0.021260790600504908	0.010464224672535077	0.003284224501525656	-0.0009044426570990405	0.0023871126719047205	-0.046044487580401014	0.04058251236215084	-0.05279602835917393	0.00551404216446426	0.020221879052949067	-0.012155056885061792	0.09802563914989319	-0.03541311359875278	-0.027509950987159585	0.017488856840279798	0.02150254726507718	0.00022250727569257526	0.011528049067847955	-0.006095570466355371	0.032058349994700405	-0.02526646801836079	0.012656005456883484	-0.0058451326211522905	0.01555538517904548	-0.0022478511283961938	-0.00024269141011594732	-0.0023624086606216102	0.014179744610174412	-0.01627526073991041	-0.00472876240030113	0.0070844958249444605	-0.0	0.0	0.0	0.0
SRR27747671	0.16991152542420473	-0.0284116867877877	0.00424690389307132	-0.02459899590165923	-0.037896153502456315	0.04159887141385341	-0.04646960624235603	0.04472659164834695	-0.0783845748690506	-0.010828960845462811	0.039727524430719904	-0.05236194421929495	0.023007045470427746	0.006505285293268262	0.06510162400682093	0.03629968352033222	0.10354579731180315	0.0034954583312196605	0.053796692576568744	-0.020548621949773516	0.09131136121664217	-0.0138081339107857	0.010940866505470258	0.057025630199901985	-0.04543930534884454	-0.04889430176647466	0.01705211841919741	-0.015306475274496245	0.00013340906109895925	-0.008576273732350084	-0.021529401478710974	0.018973960623658522	0.013805812879608149	0.03508443258825266	0.007290713354051852	0.002436096724896712	0.006044492615659022	-0.02296461795680709	0.010018658263499765	-0.019261474171030284	0.026448143944999516	-0.019575899146153306	-0.007479243488696309	0.004957255275371886	-0.0012247173744201554	-0.009811588366982727	-0.0	0.0	0.0	0.0
SRR27747682	0.06850565179040982	0.03860626337453038	-0.15274673561194604	-0.009456915376474433	0.023207514093350406	-0.02086520721200242	-0.028296655756824874	-0.06336997801669243	0.03567833483892813	-0.05980598379246112	-0.048145119272835164	0.06811647192216454	0.005326706134048454	-0.030511178983858453	0.010546548198232442	-0.01937824159220703	0.07118706660017908	0.07173875513713261	-0.008832274696132784	0.03895460182360994	-0.010332411037417354	-0.021454549539430677	-0.051607672866841287	-0.026944382463416235	0.01283524985430051	-0.05604253799609999	-0.0008911349862239281	0.02858372087733165	0.04172588512756263	-0.012722243944601502	-0.008328437177012848	-0.025157833980655134	0.05597690927454713	0.0044071737680609355	-0.03662584544362192	-0.0303041617119905	-0.013041768966406167	-0.0037597068454544545	0.012752219112314793	-0.018774446832435825	0.009528876390833699	0.018888840075869905	0.003975792220664081	-0.010067427588598974	-0.0008621737121875213	0.001152130122041687	-0.0	0.0	0.0	0.0
SRR27747685	0.0033541829983432594	-0.07181321654644912	0.0782561641373117	0.09777206797597943	-0.02370087169662538	-0.019585426318934635	-0.058352730396389704	-0.10502364518288454	0.056989121878171685	-0.07906964550780188	-0.056783233256519	0.027884700696883227	0.12017511679772805	0.09680820198532444	-0.018473672917975612	0.00994233257476639	-0.024678256992114202	0.03192517052681671	0.0627463187772509	0.025739804849700804	0.07296295593840249	-0.05647369887457438	-0.0317653353663672	-0.023584825776853915	-0.006757714176302079	-0.014497591028851972	0.05390433020718833	-0.015045026241420584	-0.005983901488128116	-0.008281831526711587	-0.016062100456388454	0.020685401513110817	-0.02369960018403264	0.015312252700269507	0.013127566432959457	0.013658468591290468	0.025561825265547428	0.02326508602466089	-0.0034083361552387967	-0.0021305077576796927	-0.012847796367688884	0.007202618973541629	0.014155241027096477	-0.008390336564898494	0.0024335986863961634	0.005326450796438501	-0.0	0.0	0.0	0.0
SRR27747689	0.046047761656237064	-0.06764541622110073	-0.09339572240340564	0.03001186709488902	0.023545587259553247	0.09232353363471178	-0.07450667714684402	0.04503607840968502	-0.05393591486268496	0.0516687576384127	-0.02818119050995449	0.0417644811684384	0.007701426675194293	0.0009936999150229372	0.02458435797859285	-0.013581157434315394	-0.004153749698432123	-0.015122102552267274	-0.006879595111131278	0.02088436091916129	0.02231983812446693	0.05320433401192588	0.006316231193821203	-0.05329224470229687	-0.01832165594263382	-0.0004030996806174007	-0.0035038889388974252	-0.008206799291498597	-0.033956893783479346	0.006491734426667001	-0.0247684479926741	-0.02871316482720026	-0.016905661745264398	0.00041468031638123356	-0.05072096413826191	-0.0025756233357565636	0.016170910489784678	0.019911454153081765	-0.005058824284452284	-0.02828508094184323	-0.029066229997571146	0.011742952244934041	0.011900777925607689	0.022575749395528907	-0.014573641356274161	7.999186691513782e-05	-0.0	0.0	0.0	0.0
SRR27747706	0.19868567293972667	0.14018482774015192	-0.04112927631552952	0.005820015745626735	-0.04084091892936663	-0.009167428187259385	-0.006734346524098834	0.0039212903709926715	0.0014711111311925254	0.09618074330962369	-0.02694556495833935	0.08370401755794932	-0.054347077641671925	-0.02727595784606595	-0.043565806237331944	-0.01502833307691852	0.019155481200981185	0.05554497629204515	0.05651300887745106	0.022163738297976375	-0.004152401289807137	0.016432793393283126	0.04117768930059097	-0.012951802226129258	-0.031482183841591266	0.015049775450226597	-0.02257005769818865	0.04537047107040938	0.0023391982059583314	0.01645643793271843	-0.018028094348787393	0.04947588515006419	-0.024961523872240213	-0.03076996626471474	0.022581055359801996	-0.022202771293232303	0.03071911828035403	0.034586547976648584	0.014813650532981866	0.023387945223340395	0.0388801277511805	-0.015892312363715477	0.019092531713375056	-0.005376129799313085	-0.004524492024753569	0.000200370881014511	-0.0	0.0	0.0	0.0
SRR27747722	0.1155211932883007	-0.04052372772379683	0.0751299463005919	-0.04282528925870691	-0.11505392612930367	-0.13875924187578023	-0.008712439583094046	-0.11020115818706824	0.10134158704427691	0.028889568833075422	0.00707977255040451	0.06978739575530897	-0.08837263343971409	0.018744433702621195	0.07130280257466094	0.08628547822931534	-0.04244893307302055	-0.004006047867544029	-0.01726598204818737	0.06383528168156946	0.018796660320337444	0.06524796953504111	0.004585350007979701	-0.012380728732054112	-0.03347219594988025	-0.03615938046386821	-0.014658094370993401	0.01372850645647223	-0.04915555352929343	0.015597001203008658	0.03604717980630652	-0.030689944267452966	0.010176817320417007	0.033565635424597694	0.012595786626231523	0.004363149736108264	-0.026643931190577775	0.0010697136648182832	0.00428798984998818	0.008730133194807631	0.0029560956109183126	0.0058587330556196925	-0.005197660167236555	0.002870558220163528	0.00032460530988614203	-0.0023095988062131396	-0.0	0.0	0.0	0.0
SRR27747728	-0.06602740919787228	-0.16989437281177694	0.001042925884086049	-0.014723308496791099	-0.03013900131909259	-0.09523713723123473	0.02448111966498558	0.025315302338461305	0.036181044183626956	0.0338889077232611	0.044399938540949736	0.11492530681404017	0.10159814592597495	-0.07799755790489629	0.009745713009118386	0.009731938046879001	-0.05209291388596344	0.06394203745782864	0.011956685465868281	-0.049064778514235116	-0.05440230551020795	-0.018052893912190143	0.0019759329918265915	0.059245840223802214	-0.028752801563038173	-0.04035646930259933	-0.00880596207841593	-0.04525563011611677	0.03012179838808367	-0.00176095926193493	-0.03838598801520534	-0.037243220815721303	-0.05241094090223039	-0.011357293047293724	-0.004752718296328635	-0.027578915644189874	-0.0009803232080443155	-0.010839597427143277	-0.0111877445480408	0.010587147316329593	-0.006453182203747645	-0.008810882915903555	-0.003764401062098386	0.005355361544266436	0.0017467765789375112	-0.0014246752652677995	-0.0	0.0	0.0	0.0
SRR27747730	0.17782839852722782	0.06929813558096892	0.09690738784981096	-0.021523666757994813	-0.028984953424190028	-0.08859432127244878	0.04734100018396695	-0.023427813358603226	0.02282268107219952	0.04525670508783386	0.03457925327547697	-0.1808101660250251	0.04859564536867128	-0.11513653293391686	0.024471470792795325	-0.11172919652307622	0.0007863430518789529	0.004312949756107842	0.07269874808262507	0.04077945914995753	0.02807399621545512	-0.0053504856673636724	-0.010575469532930988	-0.04981634061568342	-0.01128564934836672	0.006597633584939957	-0.006998864690116035	-0.005679792455223491	-0.002255946938469157	0.008583212299605887	0.012281700887784956	-0.0320947720723421	-0.016104710693501063	-0.0038665009124631924	0.022074710481211898	-0.0201286092932817	-0.00915618850770564	0.011547741366977329	-0.007230935128171245	-0.010151582093662997	0.0071535548810043	0.016949805764587305	-0.01232390619045062	0.006211854474171951	-0.0003537949731243435	0.004143333438677031	-0.0	0.0	0.0	0.0
SRR27747741	-0.40344321249158926	0.12439217552804648	0.06676008851116666	0.017190159882457864	-0.10373109808887121	0.09065235112395773	-0.13669928813077842	-0.06170912879119714	-0.04506242437463777	0.00987872866606879	-0.01616258228141794	-0.03118535704646101	0.008282251404670093	-0.08438093694618003	0.036222058981170195	0.030122702229598595	-0.06676305359921067	0.015669240640408318	0.018841559237091014	-0.02952947335565141	-0.07486567146133431	-0.03936029853610824	0.034683359092347946	-0.023118926492809125	0.017526618538102487	-0.012109613394947327	-0.0007405301697093129	-0.03568115382662089	-0.012891344770279528	0.008731037982415101	0.006456392550763114	0.06540031242887406	0.016159315759377933	0.024270860584184376	-0.00661971532167194	-0.01646796922880042	-0.03855377364747816	0.01098059692837125	0.015585752741679046	-0.019167333483030888	-0.0017727246632367342	-0.0015262224481036974	0.0017340396504393941	-0.005619674146997673	-0.0025356162127766575	-0.0006670071600069125	-0.0	0.0	0.0	0.0
SRR27747743	-0.3046005740940995	0.0021671132478616345	0.13780924489640375	-0.16334598461968425	-0.04159902671121513	-0.011695456123987338	-0.18954990723113022	-0.024313244105664614	0.014867252795866584	-0.08186882622824795	-0.00902557774558671	0.0424616022207895	-0.040758646639340625	-0.038282084960023145	0.06117386032500962	-0.03282908982431906	0.07862134963382551	-0.04056550159409784	0.04193098490786068	-0.046096657996726714	0.0103632191834897	0.024071374645112546	-0.03651793600135159	0.039678519291322836	0.021231775622077585	0.01881855793844091	-0.017696627270430452	0.01098437521942375	0.0015747244722660561	0.0007786133124547015	0.03032933739609864	-0.022470309184883012	-0.010274604313344756	-0.05779638011906404	-0.010374852069761716	0.02473290677958994	0.022908655496832464	-0.006899142811001196	-0.005536673282973376	0.014532514620098481	0.001393441143733602	0.006804421230237059	0.0035987549344506813	0.00041385854712674904	0.00021211222482640942	0.003153728712694369	-0.0	0.0	0.0	0.0
SRR27747745	-0.19428526822651396	-0.04732073832605478	0.040126561459269204	-0.04829369962098488	-0.05105930327166594	0.1571184694086966	0.03938304030093183	-0.01833040153057324	0.06770885856775534	-0.027575517954720758	0.020734190299708525	-0.022882550849342275	-0.06552844569630008	0.1036312403341112	0.05385492059089979	-0.06388095232560333	0.01150442735595131	0.013674152811556472	0.01909256574604152	0.01780717463356496	-0.03535031756705611	0.0021996988745232554	0.02071442530167431	0.017079335243862348	-0.015326963245732704	0.03308628675386286	-0.010548298493066727	0.01963421666804306	0.05702199614021389	0.003569564461344965	-0.036605420494248524	-0.025096524991294153	-0.030726643834330988	0.04642878796838787	0.020808316217508397	-0.03254001621593668	-0.00235619811106306	-0.01465557351562605	-0.0215054206764534	0.01420120739199165	-0.007272280191985355	0.001688962323982981	-0.011450187265469335	-0.010519041306864204	-0.009399544834742488	0.0005149218360063814	-0.0	0.0	0.0	0.0
SRR27747748	0.01234742326592159	-0.06609928702069062	-0.05474113959435124	-0.0573246254857867	0.05805369077151304	-0.0876940538374606	0.07190170150484336	-0.05316860187722326	0.04243831583875666	-0.005597434067764163	-0.07248178425177348	-0.023939361373068877	0.018890409999459935	-0.011394211691993995	-0.0373262309474364	0.06988852209192951	0.00832604231233997	-0.020447423722476387	0.08739619207732681	-0.08025212160961182	-0.04894833077263519	0.01255905368912744	-0.04842100622863292	-0.014398668644230317	0.06322972058395364	0.017006312794432907	0.006564492461727028	0.05521551527607823	-0.006053690833004092	0.0008646213683494856	-0.023667242178999348	0.009358286554475582	0.0017887127009196832	0.014892545338970373	0.013627335626233519	0.03978264969324331	-0.007979147469507713	0.0149928221331092	-0.004047169782668475	-0.007439006710016155	-0.0016291383038963322	-0.023100129363810947	-0.02141901314756278	0.00676137651601451	-0.009741248488713342	-0.001245804797993213	-0.0	0.0	0.0	0.0
SRR27747750	-0.34057404522428014	0.10086666641087606	-0.02246977668773213	-0.013408086474683913	0.019336163355819145	-0.0031879691639576115	0.050438233256357906	0.010778563290203956	0.033681176185164426	0.03227483165350236	0.007128623890292312	-0.02530138592246049	-0.02867050979033922	-0.040152794150646806	-0.08068871997400459	0.015180685265171247	-0.00877311087174709	0.05998169988917321	0.012433735293705015	-0.01719929844961007	0.048292037276516785	-0.021295505741609447	0.025628603988317792	0.0006993899158229498	0.0029360902945738234	0.015363175149528386	-0.01319474083113659	0.007533831568915473	0.018838744824677085	0.049794959539247195	0.03813735514504201	-0.053583514290751685	0.033753232995681934	0.04154328618052327	-0.013921773134877474	0.014763822777711967	0.045375616481926305	-0.025329663950555553	0.03335938148517476	-0.00040972175133399783	-0.024150079661497258	-0.015657092656161258	0.007153758860583354	-0.007134603580819251	-0.0006040030119855633	0.0013150621885879379	-0.0	0.0	0.0	0.0
SRR27747751	-0.27834469549179053	0.1747777841641317	-0.11881975740795031	0.03751157596433326	0.03786190214172667	0.007218037516402898	-0.038951203923580376	-0.06420052787148689	-0.009611873159740679	-0.03470072020823735	-0.06730815425995045	-0.054626523600776224	-0.014814733038942172	0.0036467262682516165	0.00848416897693202	-0.0125081834154647	0.00728665771488934	0.051885205136334614	-0.06496921527865197	-0.009866452998129053	-0.009327320388749753	0.03822352818411342	0.05755551426707764	0.008392129997160856	0.027951089515803437	-0.04239685394565076	0.06713456801254841	0.003608739660301602	-0.04998852161748934	0.00632635124296414	-0.007888869332714191	-0.021230713246141935	-0.028283550026799928	0.00469750468037541	0.03483321132864623	-0.011369887787401351	0.03684544795109642	0.006283919176998594	-0.027466897099263143	0.011296071705686623	0.002776260357451481	-0.0061270407601045	-0.012122321985466616	0.014343573767999586	0.006642870454743529	-0.002300068988025598	-0.0	0.0	0.0	0.0
SRR27747752	0.08254195524513519	0.08170242137528475	-0.0748880163995274	-0.002999019797718803	0.0977091899577688	0.022354836564565286	-0.029844983767966855	-0.011023694073364478	0.11782188374207343	-0.09869501455126932	0.0011927451857099373	0.01849245807055942	-0.03697785922435316	-0.04253319464352182	-0.028163589712097824	0.025005844737857233	-0.015102247948518631	-0.10506036488288938	-0.03989823716500313	0.027934992014655984	-0.007616050802247805	-0.014941974213069682	-0.021628472106247625	0.006127236264887917	-0.01548868638148045	0.02493922984730351	0.01865434188530151	-0.03315781712635737	0.04788171120410524	0.023775803549947835	-0.005629035588376883	-0.013130705040210277	-0.012712003011914982	-0.00624112582379344	0.0691137835688648	-0.009987050653002316	-0.00699428114323636	0.011968214447224774	0.0017406692058508071	-0.036422915356368595	0.00608165201016046	-0.002757109418129903	0.016661316288642092	0.0007048427869566482	-0.001178290527914921	-0.005803586834291277	-0.0	0.0	0.0	0.0
SRR27747754	0.1644415152095858	0.13681154249991725	-0.03525392897209759	-0.043177411019325894	0.09562691162180705	0.012082771453767493	-0.018354353347638703	0.006226276200496071	0.057618915817345136	-0.04869130657613213	0.067302739804124	-0.011869351375916604	-0.03832810757605771	-0.05469023078381395	0.018556329460898097	0.05782463092054128	-0.03696611181178016	0.005609086202023785	0.011303921916808483	0.03470136658194338	-0.014032727331256422	-0.03133982088587595	0.009616138842710197	-0.009146252591723043	-0.036637114555183425	0.009616667774175146	0.03383101912073427	-0.0011716298361775699	0.0244728513778588	0.0005408113516427375	-0.03182960123727502	0.01690164546690006	0.0019442087235024973	0.01466457478849544	-0.04571186813980298	0.024991090006331235	-0.0039261051465641576	-0.04315619129571279	-0.009893411231335733	0.011912655627262028	0.014267433750544053	-0.013167159469912053	0.0023215862476845066	0.017761232640463993	0.0017817121344214904	0.010552553226465207	-0.0	0.0	0.0	0.0
SRR27747755	0.2258471522094822	0.1329220063454187	-0.03867294439478182	-0.07000237906185276	0.05246784010347459	0.0008577612236899485	-0.04121517723430006	-0.011525451498304695	0.031653968608988434	-0.0003134354344674301	0.12271025040986255	0.0019678109470426452	-0.013536432187101809	0.04025361459475816	-0.03881944354437516	0.018392427924329113	0.009598138451176328	-0.04561969205506511	0.029879560841006483	0.006887862778140527	-0.037929560050838626	-0.014065663072327454	0.013826945908749574	0.009671424541741414	-0.025399506158350026	0.025619879794229607	0.04160596632529332	-0.0343122963820581	-0.030306429966064325	0.017992148156967126	-0.02388105163115134	0.015761776213242255	0.0021850372581046374	-0.013722476122088658	-0.044174392166760834	0.003915930222663547	0.019924842847308846	0.027078665323345182	0.007373685642406292	0.021375009805162687	-0.01549980542696579	0.02475114583896071	-0.02695490836911754	-0.011210475162523223	0.002218169911529738	-0.003224966512239843	-0.0	0.0	0.0	0.0
SRR27747758	-0.3957903486245589	0.27847363945297043	-0.059153434824941134	0.1287750850835702	-0.10042016190920748	-0.0758602120260026	0.10385095723548625	-0.036822197633695444	-0.10220495472353583	0.007168371832283285	0.04620553585484668	-0.023682740466702046	0.053454681881511416	0.043021754686858205	0.0448090046472539	0.08798207536443643	0.019209409031955303	-0.057632489295182755	-0.02396899061711946	0.013992961589136372	0.022470643372282727	0.030932471098893508	-0.029679566849736116	0.0034501642682233614	-0.03201852976225168	0.015345461905770921	-0.03335814634616515	0.01040491447023467	0.04005713821534273	-0.04001869497965891	-0.02949626869469023	-0.014534220801114349	-0.009278272286590264	-0.034882737220417064	-0.005474408125434065	0.0020819282799688804	-0.003983538528825077	0.00809347362743031	-0.0042990407652319295	-0.002039495999469642	-0.0012059190917023455	-0.0037208446365087056	0.0016833841724309103	-0.002640890669331701	-0.0010630949434980125	0.004287775555651762	-0.0	0.0	0.0	0.0
SRR27747761	-0.13786633326607273	-0.09788697627193317	-0.03501077173145931	0.08239246886449446	-0.027210904998565176	0.07972451208520939	-0.039462727793997676	0.02681981782260939	0.09403961754592202	0.127698491004023	0.023549011286782925	-0.015051362741710662	0.021848783730746522	0.05214568716104942	-0.036338183099774865	-0.005017632285494903	-0.007165601866605824	-0.021529357996968937	-0.0056623883907926465	0.001758884852811502	-0.019439774552262642	-0.016616207930848226	0.01757573843663225	0.062318455899800534	-0.05034308862377945	-0.014374676163255379	-0.0063093504617561654	-0.02060769918191424	-0.001994755612396968	-0.005347521360663747	0.04266022435250065	-0.024785655424687664	0.0006828570965827161	-0.01453736030084613	0.01365189539988163	0.044188497564970786	0.0016794977134531068	0.023925826410233636	0.03087759620193627	-0.026842542711273707	0.017601719216787486	-0.0009803617524966326	-0.013285605185641479	0.0028986825550094907	-0.0005399009999056144	0.006096641969958791	-0.0	0.0	0.0	0.0
SRR27747771	0.07559520252185627	-0.03403323338454806	0.059455249114642464	0.0465275449729373	-0.022332356046109385	0.06893542811001521	0.0588254786566175	-0.10360188824360957	0.00020201895718934587	-0.0980409284758066	0.011197463703932346	-0.058812986153142364	0.006575463328579864	-0.015056927526783297	-0.0802585616337708	-0.06369587332617752	-0.07809044438154929	-0.03695428327204517	-0.032800733761025117	-0.03545180839634672	0.006585206434272477	0.055944848770057905	-0.03475514503446507	0.05495173662100226	-0.005830771057450945	-0.027616518642997235	-0.025333537302552805	-0.0007247998202715767	-0.05703652355885459	0.016995414983732558	-0.035916291908910616	-0.02486734226583011	0.01442473301272802	-0.010891312913286802	-0.05165321794831937	-0.006706166376622653	0.0016910118567689295	0.00114199263665719	-0.0006150590477991257	-0.0024103391757828033	0.03441887968062751	-0.015105404337663886	0.011250572650967895	-0.011259395778250228	-0.0019132870779891833	-0.0015528532610089528	-0.0	0.0	0.0	0.0
SRR27747779	-0.24693049409654919	0.0414881620744769	0.11536096533892938	0.008043989063187488	0.07195656881467458	-0.06837248189300786	0.008676057427655481	0.07981826906329792	0.07757247653365476	0.06801982154324102	-0.038255016711649645	-0.008142630499164739	0.035074131656631806	0.013827361911621495	-0.05294176344213961	-0.009472263068850071	0.005999550451815277	0.012074675860149498	0.022519990619133214	0.0722968395942107	0.0105768685223782	0.10382702478600649	0.010171807035231517	0.02802992945426918	0.03643167256735586	0.019465063303078574	0.05465344707237803	-0.028686013624060012	0.031242456759559827	-0.041341160946506895	0.03127740600414478	0.03665486199410023	-0.011255783681675681	0.013690401906594981	-0.046091376993238876	0.0035746188051232275	-0.017019703966372212	-0.014548828681991232	-0.022755529995244	-0.005930382647030524	0.01102707501536078	0.0015944732210196979	0.006385079527728899	-0.00780010477524259	-0.0018117563846789153	-0.005922387263158315	-0.0	0.0	0.0	0.0
SRR27747781	-0.1387737646653648	-0.05653173707596982	0.07253319913675124	-0.1405851270170529	0.0055305144592143	0.1159740707303573	0.10242236880073237	0.04199142943581036	0.05486094647345002	0.0723834029216674	0.03445076925724266	0.032393109364589404	0.016296600058809448	-0.08945561274576393	0.02970033744275744	0.0753621385845777	-0.029894363450894218	-0.037322462290546456	-0.03515614305879567	-0.011895051926498392	0.11276433155596147	-0.04202453162212054	-0.0024632711209653583	-0.004088594492749872	0.04953744843495223	0.009309101285310751	-0.0038232841115214385	0.002407602230600269	-0.023501989735254913	-0.0014402524675254619	-0.020218995965335877	0.011922093963719807	0.0187925831869174	0.0010981227113628866	0.005729731011559722	-0.019169957734305392	0.010500260119580452	0.025060655979105492	-0.023948769625414774	0.013968489481839529	-0.00433373065995413	0.009936051101735592	0.007623706312015125	-0.004545025781163598	0.0002753686909986884	-0.0007023921218963297	-0.0	0.0	0.0	0.0
SRR27747782	0.11303465739606879	-0.006484702725852569	0.15749891874485403	-0.011887069270888378	-0.11910919456840662	0.07456226985360227	0.09505405040353172	0.004678343235178559	0.05702851508224651	-0.06337444351284972	0.0764572434764499	0.058514553721389126	0.13222196724727125	-0.013963656871967297	-0.02134734246346322	-0.014759699348757467	0.09906962618596987	-0.023398227451874875	-0.06830080808629181	0.037161157863079206	-0.06346269339015138	0.014528344743631854	0.0574343172661358	-0.04069391423067807	0.04157056684463961	-0.0077024749713281385	0.022107017528879284	0.038218785405333064	-0.015205158550934355	0.0002668786872818604	0.010520889828477488	0.01371505833490965	0.014182672128736586	-0.008900706594457613	0.008510001072221723	0.00563551482867992	0.010630991584611905	-0.013175569250206437	0.022681467505158568	-0.004621655284753316	-0.0025707641708269326	-0.00881482883935114	-0.0028971878715248704	0.008292944858245775	-0.0009956679702012772	0.0007956082571693556	-0.0	0.0	0.0	0.0
SRR27747784	0.0009916747710558259	-0.03441054399148635	-0.012377512798613603	0.19567324504480427	0.07489455821691168	-0.05635482090703851	-0.08870339811565539	-0.008364210812906335	0.003838111919976184	0.01661463242964032	0.06208391096437556	0.07160055627937607	-0.04374776095979265	-0.08201504692210941	-0.043562501208728586	-0.07489418267542995	0.012920184578898772	-0.0298362623441726	-0.04599200824615419	-0.021336753736414724	0.060252574345324786	0.03411737244589028	-0.023307332340265524	0.032781678408516424	0.015533408212981319	0.0026649514033146556	-0.00793659360294919	0.020077020834994658	0.0014818388221791744	-0.05230631913157003	-0.011398790315114081	0.04127938174456459	0.011609501822888356	0.022376067190619228	0.02665214675523044	-0.025412667272647516	-0.0035807604188011675	-0.003767813189511266	0.012741106274433115	0.004780984277696725	-0.024428561254595995	-0.007548133555462759	-0.02583533802017266	-0.0009510146310624139	-0.001269944072780678	0.004931361510697952	-0.0	0.0	0.0	0.0
SRR27747788	-0.01448471975022894	-0.04021739377536451	0.20124599490204914	0.03653676366649364	0.2752398462816751	0.012178446764366767	0.08410914422461876	-0.19264744666475683	-0.14843823677932827	0.04628584609599958	0.001128034491641544	0.07061941225845562	-0.0097256960863342	0.013707271606043977	0.04621939368851231	-0.017891359417953452	0.0293440407698824	-0.011461985373339157	0.010002799084930236	0.01072752381488315	-0.01905278162699415	-0.02546707072043381	0.049343782791078	0.003125974880077777	-0.005747982592913804	0.009574364148442724	-0.017148162846093513	-0.024038057256956773	0.009768691126646358	0.0027900548373403235	0.018306651657919053	-0.01343045036163422	0.007792668339567132	0.006337866154418826	0.0010101283082291795	0.00886400967370644	-0.0034041637087966893	0.007064137533245243	0.0013581360115160822	-0.0007664854174452925	0.005801558622219509	-0.0009839337296974793	0.002943767374427505	0.002257068209086918	0.0004582022173415976	-0.0007123777950122011	-0.0	0.0	0.0	0.0
SRR27747791	-0.3244468160252499	-0.025886175947584644	0.12307474034466508	-0.14967316541988523	0.03345557036782324	-0.07520276350405848	-0.06423841720295605	0.10223891660530929	-0.12841028673506666	-0.03196974265619178	0.02820803602799372	0.010963094080163821	0.005006368196583636	0.02735353504163017	-0.12618148759776163	0.009158821272513534	-0.011593199809040557	0.032729537672554446	-0.029811156337580157	0.0710053260914601	-0.02202472559595034	-0.03486543111443057	-0.04620237728042616	-0.0148438926535272	-0.036440487694248125	0.012321149489618025	-0.027624816313507283	0.0381400454446239	-0.03061724848922971	-0.0028508042755212063	-0.044018134321792995	-0.014564705044723198	0.0021936484702212503	0.023850770134320378	0.025712414908072828	0.0037926293999856566	-0.0065870457499097495	0.006832016830505196	0.00436376150210084	-0.007438522192298269	0.009853184938326468	0.014960791781977931	-0.008544436104968965	0.004776787741513987	0.0016460399061092618	-0.003369700460836075	-0.0	0.0	0.0	0.0
SRR27747798	0.22907335719152466	0.012902031261400139	0.027048080525110933	0.04985642757437177	-0.10902150262188363	-0.04715900082434781	-0.030316461730273993	0.031311015368302816	-0.07340267234978545	0.048420121896642	-0.007580152468414328	0.008619106422328928	-0.0444313851296611	0.0046095074198878065	-0.019794286493731057	-0.018885706459256336	-0.010802502379389147	-0.05879517860049507	-0.022991514351256893	0.006392790369672644	-0.026860795363752694	-0.0032499593331093432	-0.012537914613344428	-0.026158525390026027	0.09552856081266088	-0.0564468561129884	-0.03732982448459835	-0.06368084239848619	0.0673701689573571	0.018119141882723396	-0.01917009113716129	-0.004557449179382427	-0.0050995656885583435	0.044901267859080794	0.0002720864761162244	0.040575546860276354	0.040082252348489104	0.0038053567425661745	-0.010303416446441695	0.010396125327641352	0.016189988863794465	0.013308181615614737	0.0024673147694627014	0.0013798692732428486	0.0017329633264480985	-0.0001718696676608884	-0.0	0.0	0.0	0.0
SRR27747799	0.24367473219989472	0.10286120385771902	-0.007937957919986367	-0.052324437054924657	-0.07779935777099717	-0.05343855360895416	-0.032945404183435154	-0.008670190674124549	-0.026907869079488438	0.05664822532150972	-0.03365742627763906	0.03786042354636674	-0.006750202995327891	0.07472580048349639	-0.03308221229879195	-0.03722271410171009	0.016937956363851824	-0.006123061246296482	-0.006311774061389465	0.005547117224015423	0.03198156979076679	-0.025789344242957257	0.04442242792546487	0.03078881885270922	0.02870461431923161	0.012149616390778785	-0.015240142551597448	-0.01890773601883349	-0.04118245191276763	0.042426079518748036	-0.03741955028561297	0.004953390589907885	0.025277972200860036	-0.008997583351956074	0.013092868062399954	0.006967585702447234	-0.038446757254945695	-0.02968934677895105	-0.0336405620829749	-0.01724541666823575	-0.02283369403056516	-0.018532302698804057	-0.004601056267367523	-0.008687000052732301	-0.0008113519227081681	0.006506949357828949	-0.0	0.0	0.0	0.0
SRR27747801	-0.09993660256098282	-0.10759245515606031	-0.06369635679918043	0.030771080634933785	0.008640957032727258	0.0710092524364007	-0.022514949967800738	0.04305608198891813	-0.0037691977865691637	0.08021133769955813	-0.024936429707893133	0.030144685777675408	-0.0012499062098787767	0.002865178020733919	0.01077062971825933	-0.025860856512382832	0.0011895080577044525	-0.05687526873350172	0.0526898875378426	0.004135855171070213	-0.028027627202461405	0.01001786520039563	-0.003627913098758744	-0.009700101053519606	0.015884001415452615	0.038840784642545395	0.014685943147939796	0.04274732769246107	-0.03210029757188082	-0.019543890136781112	-0.027230117963178285	-0.021434458659500652	0.006637077737306101	0.0178284878006965	0.01022653707915552	0.0013961454647169963	-0.014486560858362882	-0.024287043868291825	-0.009526699259409127	-0.008182996147307888	0.021276689576912765	0.0010685883716166804	0.02507017608442366	0.00408421813857243	0.013989562615285951	0.0045457653379812404	-0.0	0.0	0.0	0.0
SRR27747803	0.04921931506863699	-0.14392591007848757	-0.011564630353814482	0.0015662713639790246	0.005688243632772106	0.0018900753129004045	-0.025329114084930694	0.02917070881739143	-0.020914490872752045	-0.018273840169032027	-0.07647838936901068	-0.01671121734897469	0.011708899970577124	-0.018124348082263403	-0.016056034999485855	0.04858492055369012	0.004299739463817495	-0.06319703375988156	0.04340399380845969	0.02275842723079683	-0.0263224213058144	0.03848418208629849	0.03505522113331805	-0.0718691103995975	-0.04978176432680643	-0.0034269629363176883	-0.04323171515291593	-0.011700681022660264	0.014265296700480145	0.011248438525875667	0.013640834642667552	0.00044913297702100136	0.015338190405444166	-0.023580763590817577	-0.012973696273678026	-0.03994629823329599	0.03428033024840853	-0.008950445219797322	-0.018682989624833064	-0.017251307232561613	-0.021225334044746434	-0.026665280071395053	-0.01823122288286591	-0.013414887088113387	0.009550697604887038	-0.001554527832175917	-0.0	0.0	0.0	0.0
SRR27747804	0.14085198384505454	-0.04322466286877179	-0.04406418770549041	-0.011419136060250646	-0.011637008990355366	0.013773086764838741	-0.020598447132431755	0.0048672645957189	-0.025903817696624434	-0.040794716497397236	0.0036087763231517104	-0.024504619373460382	0.06317430989298001	-0.04265943909442991	0.0515457313573745	-0.04432504214946629	-0.04168562497212974	0.047035447607973783	-0.01717552323135158	-0.018165768236874623	-0.011844940811271012	0.08415559011263976	0.012141439852332214	-0.009589477893036045	-0.06404153674686833	0.045115035068830016	-0.009562283238914731	-0.003913267402486998	0.021562471953962086	-0.010834154209691974	-0.025201746846092003	0.015516179977505621	0.05559180321174522	0.014812141109079477	0.03672494532455579	0.06607501882396002	-0.0017270738210802474	0.00587291423104212	0.002116337826673057	0.02684529654751217	-0.0253620107421551	0.0035392341930339587	0.01737498461430167	-0.004933179234222351	0.001712592002545788	-0.0038958818323790085	-0.0	0.0	0.0	0.0
SRR27747809	0.20551289364105688	0.041773635878451836	0.029077413355471975	-0.07758389103203435	-0.07910794625583636	0.02811468778770142	0.016913415783316177	-0.01308202903894191	-0.04430287564517653	-0.008082378787578203	-0.09609154673502628	0.04808963220809726	0.023475772726353792	0.04531586384187763	0.005925042963720352	-0.0019989446157007373	-0.053835544031576595	0.047475173672764	-0.03769356096716802	-0.02689341866439305	0.025798767613650964	0.010619744025938781	-0.04475810062115957	0.003980409548284257	0.011239311305033629	0.11382520540783608	0.019994853564961636	-0.05843497231232701	0.023626361811919357	-0.007860828820165625	0.025138788097562842	-0.004763168994148503	0.03323901954945222	-0.01143073676813834	-0.00019936098124209974	-0.03447163096594496	0.009329180951405487	-0.004246594115856607	0.01765455065080341	-0.004335162381478811	0.023602356416947967	-0.002967146158593213	-0.02190285643999125	0.015892716087379705	0.0013334330776436376	0.0007730483052130798	-0.0	0.0	0.0	0.0
SRR27747813	0.10422847145026722	-0.01811487517457543	-0.08788610093670998	0.026038965980345972	0.028692762480605597	0.09934297137250817	-0.04926774722137456	0.0610307895175551	-0.024064662592314386	0.01385390014310037	-0.04572258627278717	-0.018645853109506824	0.03263302713938224	-0.013066970327274599	0.05157730057994508	0.005463703192418411	0.008457482771884484	-0.008556457978178948	-0.0249143638179111	0.04741870210973725	-0.006764792690938873	-0.031019697792829853	-0.02447551663212208	-0.001463974745712485	0.025260005540828284	-0.002070150526974044	0.009171139584888249	0.02430225424409686	0.0037317975291095355	-0.026641966845171172	0.017078853347267782	-0.04881236149279271	0.0016167927864695905	0.022124954740052737	-0.022211751124583935	0.009095758278094201	-0.029888244587043783	0.048853540746347804	0.0036859296055476664	0.039467363168725844	0.008091643310364313	-0.02571676082269978	-0.01794120054783969	-0.00938541374876795	0.0036157353640390486	-7.266577005802202e-05	-0.0	0.0	0.0	0.0
SRR27747820	-0.027696674309606633	-0.10532330161779573	-0.11702810785555362	-0.020272211246721517	0.035759879528200006	0.05881082240374431	-0.016715293661583537	-0.03456901005992887	-0.06702884141015941	0.02604858907188568	-0.015727643458925276	-0.00472806199549316	0.053383647099966916	-0.0098420295319635	0.009505301314430243	0.00035562379819939656	-0.06979474145240393	0.005057889524414851	-0.031249814952826787	0.04211851514381617	0.044950204800778805	0.009750007419704618	0.009915752407880092	0.01099730993658376	0.01626490949996729	-0.025371042337541408	0.00898398278498751	0.06721015153356168	0.048616149737529146	0.08258156323131981	0.016754462257135075	0.03388715273825394	-0.025234564005414836	-0.054385529368298775	0.004975394408773543	0.025568323397831966	-0.013866817090586415	-0.03264488444644056	-0.0017378783816900366	-0.000547980777999577	0.009275965268258479	0.021296341530974428	-0.02012393327119499	-0.004658150439099747	-0.0008788974419830449	-0.0016325394985127063	-0.0	0.0	0.0	0.0
SRR27747829	0.2344144875274628	0.22380226625956232	0.007714727595259385	-0.0854515832702128	0.05846506177390748	0.060082854947042304	-0.050256772800919516	0.025091134237283295	-0.007934328472493554	0.03787512457408533	0.12477495178168593	0.03276809944221893	0.039307317025368424	0.08802351703657946	-0.016543798143836965	-0.016467181189341096	-0.07696220112081543	0.020302895666611157	0.028055885200295783	-0.08955017482791582	0.0018103138568352883	0.015009587094726483	-0.01836877399604428	-0.04655935910428126	0.01731133909242893	-0.05136232150521837	-0.011695438245858952	0.038757689644535145	0.013518237860247216	-0.04706690205638157	0.05672927044795255	-0.024034104173868517	0.0035969112742729	-0.008413519050893173	0.017311546762617324	-0.0113692817940487	-0.006922210634173731	-0.006758108165905675	-0.017818231421498992	-0.012304329374826919	-0.005398198410006703	-0.004232721603492839	0.007233735547616963	-0.0005476290739134341	0.0015979185776601383	-0.00345162578788373	-0.0	0.0	0.0	0.0
SRR27747832	-0.2546929003567455	0.045490592716462684	0.02930628439379886	-0.07219047244611411	0.07193731155748628	-0.07166213537343863	0.11050525191086116	0.12292421484637753	0.06286629950502613	-0.02085274630988615	-0.06080799010695531	0.02028268897752724	-0.02042491185744161	0.07533025994502825	0.10216499450303156	-0.1053595379391854	-0.0407685719484736	-0.04287443677666962	-0.02097029505839632	-0.01828961492162717	-0.0021080530084821377	-0.021105248056541532	-0.03800982082720159	-0.024991161382747262	-0.03474964528777206	-0.06403645462334524	-0.012296120558465951	-0.0015312055504862559	-0.010871253594249859	0.023773893482754164	-0.0021765972104802003	0.06173806270760873	0.01732902232943547	0.0005595943288312113	-0.011666555235269542	-0.00021518654417387626	0.010567672968249344	0.008783078709405218	0.01921375936972926	0.0020785144564888923	-0.0004263072351664747	-0.01207330563343022	-0.004087095158694057	0.006598455758110422	0.0017862314941987899	0.0014852608153059928	-0.0	0.0	0.0	0.0
SRR27747833	-0.08939654871859597	-0.16507856478954566	-0.11857081918897654	-0.10454051729237905	-0.05943391257096437	0.0014396887351790122	0.0016553228389297647	-0.09160046668308441	-0.029936279835430093	-0.0187064168750208	0.014236665492705266	-0.06445224144596486	-0.014080789243351925	0.035609227825736965	-0.11741905648184821	-0.011588328995260973	0.021353875298916837	-0.04065033158463054	0.0033068427985747362	0.021514112018563684	0.012394929474622344	-0.027616954409678294	0.008714480609299597	0.006088360446731358	-0.02149428049908014	-0.03153412400333271	-0.00955398109177416	-0.01844437180446798	0.03195261173134002	-0.023135603487752288	0.05044077387947643	0.033023865333096494	0.017789273988238596	-0.007552633757882337	-0.0027210830098734046	-0.02260157636147966	-0.02260072619846248	0.007658208191653584	-0.013482493205574115	0.041679493339561724	-0.013034844788712812	-0.011751561755743396	0.016953952916071904	0.020820226409199612	-0.001803531344206089	0.0005850126791804786	-0.0	0.0	0.0	0.0
SRR27747836	-0.0774880161114088	-0.0407495287307662	0.006989117145229332	0.11719777238840313	-0.04684581470337597	0.1271626432899695	0.11346041985533857	0.02132574102947465	-0.0010241888257691498	-0.05773872262481197	0.07272834610633738	0.03422664182790517	-0.12394696778123787	-0.01384136929847601	-0.017918547286228277	-0.004816716439655216	0.030620769237810156	0.10655717150179854	0.047543076827854594	0.032446188097029115	0.007638415645843331	0.010536401220275238	-0.06486807267193581	-0.026561429574950297	0.021182775287518787	-0.005075125051946314	-0.013634625838719347	-0.04224766761595454	-0.011898113426844206	0.01038883876126593	0.0058649941490565285	0.016943709468459106	-0.014687372756214784	-0.03988082321438235	0.0038744017548791787	0.033839156662927417	-0.019496705739685382	0.013568984655190767	-0.01725014214363925	-0.015867729850994848	-0.013455051390906423	-0.009632808352224551	-0.007006943099869849	0.005583145561022296	0.006820733242852287	-0.0024560241311265014	-0.0	0.0	0.0	0.0
SRR27747901	-0.05206855471056678	-0.12766870710908224	-0.004888686436487111	0.028597645754791276	0.027227159354815976	-0.008447957723998655	0.00422647581697095	-0.021489582110785003	0.08000412798536272	0.06129150701537162	-0.02866714181861386	-0.06254966345509122	-0.043625918747896994	0.011397409462539022	-0.009505662184341202	0.03112685104880472	0.028335457966494962	0.04221099291213116	-0.0626707782151511	-0.054327417546756	-0.019908258246005082	-0.03824377919483679	0.020677374093028444	-0.05224986788233649	-0.02843013911537869	-0.009923501357544754	-0.01187042055328272	-0.018235488479631485	-0.012786772430761763	-0.06937280727003116	-0.020088688045148687	0.009517144643492691	0.04323143111356103	-0.036834012125261585	0.010775730722868332	0.014669221949532671	0.01810614762538604	-0.021243768746080395	-0.02887570386676823	-0.0008053065677721072	0.02372049822097656	0.024597923651029953	-0.007358385171866738	-0.007062515611386282	-0.0042798471113675955	0.0002823518463261486	-0.0	0.0	0.0	0.0
SRR27747905	0.048288562324251806	-0.08697326188855027	0.06745239405892843	0.13753091016280675	0.040142899431725235	-0.11019963529684748	-0.08507692329382585	0.10200093315457305	-0.006219944527149557	-0.07590969429011137	0.04878781399250724	-0.028189621885036792	-0.0025003435952160973	0.016607710464533302	0.028729639203263182	0.008589194529512293	-0.003908630431313858	0.02681660115879648	-0.06525591591925063	-0.012228607981972655	0.01863592469788968	-0.052461981636797966	0.023673991336215918	-0.06105815057568824	0.00831995780068161	0.04056446438190593	-0.004655752451877823	-0.005308718783598363	-0.01304565192804269	0.024770973829127563	0.03413121504718465	-0.015388233908798099	-0.029866473239679163	-0.014458895322860495	-0.009889615958061504	0.006530412096530427	-0.013065276497350502	-0.002044687937780306	-0.014345523221780636	0.009687835383611036	0.016771786635080808	-0.02866392860371909	0.01051248945101838	-0.007413190214882167	-0.007318684719701217	-0.0005439678229641307	-0.0	0.0	0.0	0.0
SRR27747908	0.21352318629486053	-0.003493265597576994	0.07880380807118927	0.025291256851771624	-0.08172890891557198	-0.07134329777209836	0.02067944166656147	-0.009005838133140136	-0.02439280128203676	0.047775010060303554	-0.02566161899046429	-0.044699199250669376	-0.06283767182462656	-0.018981188098153263	0.03997532342608565	-0.024450645913445864	-0.03296296198074339	0.007439825794139615	-0.033162194875180274	0.03312007858212346	-0.04479018246248392	-0.0821765955022109	-0.008808933993287556	0.08766231084480447	-0.00063918702136325	0.01824391411463584	0.042674165710884615	0.07056731639785938	0.018159626793181394	-0.027415718171782837	0.00853769210497023	0.002599019647366508	0.016783780361904702	-0.02341450120794594	-0.024452321087024068	0.0037747899464084696	0.025469763106935942	0.015363678713857668	-0.016774987016779708	-0.025410716916050236	-0.030952832274872104	-0.007365291731722903	0.013208022638889318	0.0026229038319314823	0.001360146546576398	-0.005915355189681428	-0.0	0.0	0.0	0.0
SRR27747910	0.1034174315332803	-0.11999425271247335	-0.02563726593603391	0.10223285879742829	-0.031916702151774626	0.009255619149665679	0.009004933420420823	-0.023562274674685073	-0.020854833343017045	-0.0598605522138314	0.04835755081677569	-0.03064848948424826	-0.024112857171597717	0.024257145063254926	0.024714130259634603	0.040770124548167586	-0.04044143525593461	-0.0033294116693705104	0.008347194051143663	-0.013113701532647794	-0.008180474686953957	0.00011861169443199416	-0.012949676217004632	0.004755629335414473	0.01261096868905589	0.03897347703280847	-0.03925958630363767	0.04995420670534545	-0.01945619533161113	-0.020568497547401296	0.0336176345414914	0.04268680117266919	-0.04198258576979985	0.043580333133098094	-0.014076354105428375	-0.018172000552003197	0.031129649672046455	-0.02169106284809679	0.011419905935269332	-0.00581527651511655	0.004121833814404823	0.01905569473714268	-0.0021106743332523644	0.002540680330146292	0.002924327528866262	0.0005269159909310194	-0.0	0.0	0.0	0.0
SRR27747911	0.07898979437978502	-0.025529365431572845	0.0021461512864045643	0.04366468931556681	0.04954323146231135	-0.04176163166061038	0.03677880023585776	0.13326964895477011	-0.013023439973183068	-0.13241181286604714	-0.00947152457069352	-0.01691254415148474	-0.002584230893101881	0.02098289919358489	0.0028362227256926594	0.04700868164406545	0.0006772493569838792	0.031152411572327267	0.03756514141182278	-0.030521976750538162	-0.00215389120454274	0.031002864998044333	0.09691917400138031	0.07544885602454972	0.02729664989329676	-0.010411904421480987	-0.03244962917889732	0.010331225873209927	0.014430824854004749	0.02013697757661037	0.014183490728186251	-0.0022804271466970233	0.040348467821370894	0.002107664960375508	0.004413760261461098	-0.019208082058317085	-0.014191712359965789	0.04432448805141042	-0.014109793926911291	-0.009465671215026462	0.004751322698295888	0.028101297875137814	0.003081158340234223	0.004960010351525776	0.0009972587829258626	0.006665706012702283	-0.0	0.0	0.0	0.0
SRR27747912	0.06965565407012875	-0.05065409395413594	0.13622949390576441	0.07956582989024862	0.05182107335203304	-0.008179877835166058	-0.06093712695937865	0.0029137126842694117	0.05792913272318051	0.06908488307767159	-0.004237111178009168	-0.10756922319648453	-0.029347475185745975	0.07118359895869826	0.0041477114547760815	0.04796587923500414	0.020043678677034167	0.019754486083039802	-0.011070229594027722	-0.034143088775121025	0.0058435881689749575	0.025508796997884713	-0.009308461884340839	-0.014648991702795681	0.044912514097822626	-0.006863810269755026	0.0010109791468482959	0.005658479042041145	0.025289659472856614	0.029055602785386107	-0.06293049690404898	-0.011908482194354275	-3.541867514038836e-05	-0.03905931400322132	-0.003038388408838752	-0.031438028212553315	-0.02469792642197239	-0.006621702467103914	0.054907156478345806	0.018247786296554526	-0.019199145637509782	0.002953712645159336	0.012433290355255285	0.00829638083597119	0.00534522701537872	-0.0030477584093664663	-0.0	0.0	0.0	0.0
SRR27747942	0.13600960177817012	0.08974846031988261	-0.06641367232629775	-0.017255685139944788	0.0529928444236754	0.03326304064107264	0.03450652347042322	0.0516927217086045	-0.004798199519036525	-0.05078499360605721	-0.08186922629751342	-0.013096955230774095	0.013975484123690988	-0.010567427049271107	0.017166996700931598	0.012545818284320071	-0.03937718961538971	-0.004361388474387999	0.04382027078098979	0.08224669185031629	-0.013897652092373118	-0.031891349441634444	0.01519539370077218	0.04031272330937531	0.04453650754334707	-0.01782773360930666	-0.0558175541372141	-0.040064874983645665	-0.05691230314995993	-0.06921719488380655	0.007843375240614682	-0.01062371404505796	-0.02014076144141528	-0.03166606101089552	0.027352971769812193	0.005696687836709164	0.0053676634592494605	-0.04180010886043048	0.03319020567358881	0.01770840748060503	-0.014757616033044652	0.0052815689115735	0.0034567734958760726	-0.003864457243008928	-0.005573012418378858	-0.0018497507636168462	-0.0	0.0	0.0	0.0

Biplot	0	0

Site constraints	0	0
